320497,320500,320557
320565,320567,320569,320570,320571,320663,320664
320669,320670,320671,320673,320674,320682,320685,320686,320688
320709,320712,320735,320748,320754,320757
320799,320804,320807,320809,320815,320816,320821
320822,320823,320824,320834,320836,320838,320840,320841
320851,320853,320854,320855,320856,320857,320858,320887,320888
320901,320902,320916,320917,320920
320995,320996
321002,321004,321005,321006,321007,321010,321011,321012
321050,321051,321055,321063,321067,321068
321069,321117,321119,321122,321123,321124
321126,321130,321134,321138,321140,321143,321147,321149
321164,321166,321167
321171,321174,321177,321212,321217,321218,321219
321227,321228,321230,321231,321232,321233,321258,321261,321273,321279,321283,321295
321296,321301,321305,321310,321312
321313,321390,321393
321396,321397,321407,321408,321413,321414
321415,321425,321427,321429,321431,321433,321434,321436
321455,321457,321461,321471,321473
321475
321707,321710,321712,321724,321726,321729,321730,321732
321735,321750,321753,321755,321758,321760
321771,321773,321774,321776,321777,321778,321780,321781
321786,321794,321803,321813,321817,321818,321820
321831,321832,321833,321834,321869,321870,321875,321877,321879,321880,321884,321886
321887,321904,321905,321908,321909
321917,321928,321931,321933,321956,321959,321961
321967,321969,321973,321975
321981,321982,321987,321988,321990,322012,322014,322018
322022,322037,322054,322057
322066,322068,322077,322088,322103,322106
322113,322118,322175,322178,322179
322194,322196,322198,322200,322201,322204,322222,322245,322247,322248,322249,322250,322252
322310,322319,322322,322324,322330,322332
322330,322332,322345,322346,322347,322348,322351
322355,322356,322380,322381,322403,322407,322424
322429,322430,322431,322475,322479,322480,322484,322487,322492
322507,322508,322510,322593,322599,322603,322605,322617
322620,322625,322633
323363,323364,323365,323367,323368,323369,323370,323371,323373,323374,323375,323376,323377,323378,323379
323414,323415,323416,323418,323420,323422,323423,323463,323468,323470,323471,323472,323473,323474,323475
323484,323487,323488,323493,323495,323510,323511,323513
323523,323524,323525,323526
323692,323693,323696,323699,323700,323702,323709,323712,323714,323722,323725,323727
323753,323755,323772,323775,323778
323788,323790,323835,323841
323857,323939,323940
323958,323975,323978,323980,323983,323997,324017
324021,324022,324076,324077,324078
324190,324191,324194,324199
324201,324202,324205,324206,324209,324232,324234,324237
324242,324245
324289,324292,324293,324305
324315,324318,324413,324415,324418
324420,324430,324431,324436
324562,324564,324571,324604,324605
324611,324612,324615
324722,324729,324744,324746,324747,324764,324765,324769
324782,324785,324791,324827,324831,324835
324840,324841,324846,324869,324870,324872,324873,324878
324889,324891,324895,324897,324950,324952,324957,324965,324966,324967,324968,324970
324978,324979,324980
324987,324989,324992,324993,324997,324998,324999,325000,325001,325009,325012,325013,325019,325020,325021,325022
325052,325054,325055,325056,325057,325092,325094,325095,325097,325098,325099
325100,325101,325110,325111,325112,325113,325114,325117,325150,325154,325155,325157,325159,325168,325169,325170
325172,325174,325175,325181
